0,4,0, 6,0,0, 0,1,9
0,0,8, 0,0,0, 0,3,4
0,0,0, 0,2,7, 0,0,0

0,0,0, 0,0,0, 6,9,0
0,6,0, 0,4,0, 0,0,0
8,0,0, 0,5,0, 0,0,7

0,9,7, 0,0,2, 5,6,0
0,2,0, 0,0,8, 0,0,0
5,8,0, 0,0,0, 0,0,0

## Результат :

   2   4   5   6   8   3   7   1   9
   6   7   8   9   1   5   2   3   4
   9   3   1   4   2   7   8   5   6
   3   5   4   8   7   1   6   9   2
   7   6   2   3   4   9   1   8   5
   8   1   9   2   5   6   3   4   7
   4   9   7   1   3   2   5   6   8
   1   2   6   5   9   8   4   7   3
   5   8   3   7   6   4   9   2   1

 > Начальное число коллизий : 69
 > Конечное число коллизий  : 0
 > Температура              : 0.045573
 > Шаг                      : 308845

## Результат :

   2   4   5   6   8   3   7   1   9
   6   7   8   9   1   5   2   3   4
   9   3   1   4   2   7   8   5   6
   3   5   4   8   7   1   6   9   2
   7   6   2   3   4   9   1   8   5
   8   1   9   2   5   6   3   4   7
   4   9   7   1   3   2   5   6   8
   1   2   6   5   9   8   4   7   3
   5   8   3   7   6   4   9   2   1

 > Начальное число коллизий : 69
 > Конечное число коллизий  : 0
 > Температура              : 0.051494
 > Шаг                      : 357618

## Результат :

   2   4   5   6   8   3   7   1   9
   6   7   8   9   1   5   2   3   4
   9   3   1   4   2   7   8   5   6
   3   5   4   8   7   1   6   9   2
   7   6   2   3   4   9   1   8   5
   8   1   9   2   5   6   3   4   7
   4   9   7   1   3   2   5   6   8
   1   2   6   5   9   8   4   7   3
   5   8   3   7   6   4   9   2   1

 > Начальное число коллизий : 69
 > Конечное число коллизий  : 0
 > Температура              : 0.052289
 > Шаг                      : 948539

## Результат :

   2   4   5   6   8   3   7   1   9
   6   7   8   9   1   5   2   3   4
   9   3   1   4   2   7   8   5   6
   3   5   4   8   7   1   6   9   2
   7   6   2   3   4   9   1   8   5
   8   1   9   2   5   6   3   4   7
   4   9   7   1   3   2   5   6   8
   1   2   6   5   9   8   4   7   3
   5   8   3   7   6   4   9   2   1

 > Начальное число коллизий : 69
 > Конечное число коллизий  : 0
 > Температура              : 0.041582
 > Шаг                      : 1537364

## Результат :

   2   4   5   6   8   3   7   1   9
   6   7   8   9   1   5   2   3   4
   9   3   1   4   2   7   8   5   6
   3   5   4   8   7   1   6   9   2
   7   6   2   3   4   9   1   8   5
   8   1   9   2   5   6   3   4   7
   4   9   7   1   3   2   5   6   8
   1   2   6   5   9   8   4   7   3
   5   8   3   7   6   4   9   2   1

 > Начальное число коллизий : 69
 > Конечное число коллизий  : 0
 > Температура              : 0.048327
 > Шаг                      : 1462199

## Результат :

   2   4   5   6   8   3   7   1   9
   6   7   8   9   1   5   2   3   4
   9   3   1   4   2   7   8   5   6
   3   5   4   8   7   1   6   9   2
   7   6   2   3   4   9   1   8   5
   8   1   9   2   5   6   3   4   7
   4   9   7   1   3   2   5   6   8
   1   2   6   5   9   8   4   7   3
   5   8   3   7   6   4   9   2   1

 > Начальное число коллизий : 69
 > Конечное число коллизий  : 0
 > Температура              : 0.04041
 > Шаг                      : 2673893

## Результат :

   2   4   5   6   8   3   7   1   9
   6   7   8   9   1   5   2   3   4
   9   3   1   4   2   7   8   5   6
   3   5   4   8   7   1   6   9   2
   7   6   2   3   4   9   1   8   5
   8   1   9   2   5   6   3   4   7
   4   9   7   1   3   2   5   6   8
   1   2   6   5   9   8   4   7   3
   5   8   3   7   6   4   9   2   1

 > Начальное число коллизий : 69
 > Конечное число коллизий  : 0
 > Температура              : 0.051501
 > Шаг                      : 2471793

## Результат :

   2   4   5   6   8   3   7   1   9
   6   7   8   9   1   5   2   3   4
   9   3   1   4   2   7   8   5   6
   3   5   4   8   7   1   6   9   2
   7   6   2   3   4   9   1   8   5
   8   1   9   2   5   6   3   4   7
   4   9   7   1   3   2   5   6   8
   1   2   6   5   9   8   4   7   3
   5   8   3   7   6   4   9   2   1

 > Начальное число коллизий : 69
 > Конечное число коллизий  : 0
 > Температура              : 0.049872
 > Шаг                      : 2498581

Elapsed time is 144.738041 seconds.

## Результат :

   2   4   5   6   8   3   7   1   9
   6   7   8   9   1   5   2   3   4
   9   3   1   4   2   7   8   5   6
   3   5   4   8   7   1   6   9   2
   7   6   2   3   4   9   1   8   5
   8   1   9   2   5   6   3   4   7
   4   9   7   1   3   2   5   6   8
   1   2   6   5   9   8   4   7   3
   5   8   3   7   6   4   9   2   1

 > Начальное число коллизий : 69
 > Конечное число коллизий  : 0
 > Температура              : 0.051563
 > Шаг                      : 2470788

Elapsed time is 142.793949 seconds.

## Результат :

   2   4   5   6   8   3   7   1   9
   6   7   8   9   1   5   2   3   4
   9   3   1   4   2   7   8   5   6
   3   5   4   8   7   1   6   9   2
   7   6   2   3   4   9   1   8   5
   8   1   9   2   5   6   3   4   7
   4   9   7   1   3   2   5   6   8
   1   2   6   5   9   8   4   7   3
   5   8   3   7   6   4   9   2   1

 > Начальное число коллизий : 69
 > Конечное число коллизий  : 0
 > Температура              : 0.048494
 > Шаг                      : 1180729

Elapsed time is 66.280987 seconds.

## Результат :

   2   4   5   6   8   3   7   1   9
   6   7   8   9   1   5   2   3   4
   9   3   1   4   2   7   8   5   6
   3   5   4   8   7   1   6   9   2
   7   6   2   3   4   9   1   8   5
   8   1   9   2   5   6   3   4   7
   4   9   7   1   3   2   5   6   8
   1   2   6   5   9   8   4   7   3
   5   8   3   7   6   4   9   2   1

 > Начальное число коллизий : 69
 > Конечное число коллизий  : 0
 > Температура              : 0.053253
 > Шаг                      : 1102717

Elapsed time is 56.867776 seconds.