## Экспертный

0,0,5, 2,0,6, 0,0,0
0,0,8, 0,0,0, 1,0,0
4,0,0, 0,0,0, 0,6,0

0,0,0, 0,7,0, 0,0,0
0,1,0, 0,9,0, 0,8,0
7,9,0, 0,0,4, 0,0,0

0,0,0, 4,5,0, 0,0,8
0,0,0, 0,0,0, 7,1,9
0,0,0, 3,0,0, 0,0,4

## Результат :

   1   7   5   2   8   6   9   4   3
   6   3   8   9   4   5   1   7   2
   4   2   9   7   3   1   8   6   5
   8   5   4   1   7   3   2   9   6
   3   1   6   5   9   2   4   8   7
   7   9   2   8   6   4   5   3   1
   9   6   1   4   5   7   3   2   8
   5   4   3   6   2   8   7   1   9
   2   8   7   3   1   9   6   5   4

 > Начальное число коллизий : 74
 > Конечное число коллизий  : 0
 > Температура (max)        : 0.2
 > Температура (min)        : 0.042624

Elapsed time is 94.147209 seconds.